2019 01 73129456 35.84653 -120.39304 6.531 2.82 2019/201901/73129456
2019 01 73129461 35.84878 -120.3954 6.56 1.21 2019/201901/73129461
2019 01 73129466 35.84845 -120.39525 6.521 1.61 2019/201901/73129466
2019 01 73130011 35.76562 -120.31506 8.254 0.88 2019/201901/73130011
2019 01 73131891 35.84019 -120.56142 8.518 0.69 2019/201901/73131891
2019 01 73136651 35.78708 -120.32959 4.668 0.89 2019/201901/73136651
2019 03 73147341 35.7971 -120.34872 10.161 2.87 2019/201903/73147341
2019 03 73148086 35.80217 -120.35408 9.681 0.83 2019/201903/73148086
2019 03 73148196 35.82961 -120.38107 10.386 0.68 2019/201903/73148196
2019 03 73148246 35.83119 -120.37967 10.605 0.72 2019/201903/73148246
2019 03 73149716 35.80147 -120.3532 9.671 1.06 2019/201903/73149716
2019 03 73150296 35.80544 -120.35131 9.338 0.71 2019/201903/73150296
2019 03 73152271 35.81905 -120.36802 8.273 0.81 2019/201903/73152271
2019 03 73156680 35.77009 -120.31995 8.363 1.08 2019/201903/73156680
2019 03 73156765 35.80089 -120.35291 9.658 1.65 2019/201903/73156765
2019 04 73160250 35.81541 -120.35775 5.032 1.04 2019/201904/73160250
2019 04 73168835 35.76633 -120.30661 4.545 0.9 2019/201904/73168835
2019 04 73171330 35.77162 -120.32162 8.155 0.77 2019/201904/73171330
2019 04 73172565 35.79281 -120.33844 10.387 0.75 2019/201904/73172565
2019 04 73172620 35.79559 -120.34665 9.811 0.88 2019/201904/73172620
2019 05 73175790 35.83698 -120.38015 5.412 0.6 2019/201905/73175790
2019 05 73178700 35.80158 -120.35487 9.648 1.4 2019/201905/73178700
2019 05 73184486 35.81254 -120.56008 9.804 1.03 2019/201905/73184486
2019 05 73188516 35.79016 -120.34213 8.829 0.7 2019/201905/73188516
2019 05 73188531 35.82663 -120.37358 6.948 1.04 2019/201905/73188531
2019 07 73204446 35.8012 -120.34047 4.265 1.51 2019/201907/73204446
2019 07 73233256 35.79332 -120.34367 9.666 3.14 2019/201907/73233256
2019 08 73262675 35.77945 -120.3288 8.252 0.88 2019/201908/73262675
2019 09 73264030 35.8264 -120.37331 6.997 0.54 2019/201909/73264030
2019 09 73282055 35.83933 -120.54816 9.8 0.22 2019/201909/73282055
2019 10 73288760 35.83383 -120.54483 9.88 0.23 2019/201910/73288760
2019 10 73292695 35.83436 -120.56486 10.811 0.74 2019/201910/73292695
2019 10 73294295 35.7743 -120.32386 8.457 0.91 2019/201910/73294295
2019 10 73295760 35.75987 -120.31587 8.678 0.56 2019/201910/73295760
2019 11 73304191 35.77968 -120.43347 5.882 0.95 2019/201911/73304191
2019 11 73304221 35.77981 -120.43236 6.082 0.86 2019/201911/73304221
2019 12 73310941 35.83515 -120.55094 9.919 0.69 2019/201912/73310941
2019 12 73312666 35.75732 -120.30191 10.396 1.27 2019/201912/73312666
2019 12 73312701 35.82 -120.37817 7.86 0.6 2019/201912/73312701
2019 12 73313646 35.83453 -120.55348 10.019 0.5 2019/201912/73313646
2019 12 73315296 35.7827 -120.32901 3.918 1.13 2019/201912/73315296
2019 12 73315571 35.8025 -120.5455 8.27 0.72 2019/201912/73315571
2019 12 73315581 35.83033 -120.52233 11.03 0.75 2019/201912/73315581
2019 12 73315876 35.80654 -120.35231 6.538 4.29 2019/201912/73315876
2019 12 73315881 35.79668 -120.34317 5.788 0.84 2019/201912/73315881
2019 12 73315891 35.79971 -120.34517 5.794 0.81 2019/201912/73315891
2019 12 73316006 35.80876 -120.35171 5.358 0.74 2019/201912/73316006
2019 12 73316071 35.81157 -120.35752 6.504 0.91 2019/201912/73316071
2019 12 73316101 35.8035 -120.34625 5.623 0.69 2019/201912/73316101
2019 12 73317576 35.799 -120.3415 5.39 0.69 2019/201912/73317576
2019 12 73318641 35.79909 -120.34427 6.041 0.68 2019/201912/73318641
2019 12 73321776 35.80295 -120.54306 9.058 1.03 2019/201912/73321776
